-5670.0
-5487.276595744681
-4952.87962962963
-4794.6106194690265
-4391.0078125
-4001.3401360544217
-3636.1
-3384.5894736842106
-3464.723756906077
-1222.1666666666667
-3350.4728260869565
-925.1521739130435
-773.5104166666666
-622.9888888888889
-577.9894736842106
-526.4791666666666
-443.1145833333333
-395.4270833333333
-358.3958333333333
-337.6145833333333
-312.6842105263158
-296.8723404255319
-280.1770833333333
-266.8541666666667
-249.84375
-237.16666666666666
-214.70833333333334
-215.46391752577318
-204.69473684210527
-192.77083333333334
-186.88888888888889
-197.71875
-166.92631578947368
-167.16666666666666
-151.66666666666666
-137.11458333333334
-126.61458333333333
-119.6875
-117.52083333333333
-111.02083333333333
-100.56666666666666
-99.92708333333333
