0.0
0.0
0.0
0.0
0.0
0.0
0.0
0.0
0.0
0.0
0.0
0.0
0.0
0.0
0.0
0.0
0.0
0.0
-59.0
-59.0
-59.0
-59.0
-59.0
-59.0
-59.0
-59.0
-59.0
-59.0
-59.0
-75.0
-75.0
-75.0
-75.0
-75.0
-75.0
-96.0
-96.0
-96.0
-96.0
-96.0
-96.0
-96.0
-96.0
-96.0
-96.0
-96.0
-96.0
-96.0
-96.0
-96.0
-96.0
-134.0
-134.0
-134.0
-134.0
-134.0
-134.0
-134.0
-150.0
-150.0
-150.0
-150.0
-150.0
-150.0
-150.0
-150.0
-150.0
-150.0
-150.0
-150.0
-152.0
-152.0
-152.0
-152.0
-152.0
-152.0
-152.0
-152.0
-152.0
-152.0
-152.0
-152.0
-152.0
-152.0
-152.0
-152.0
-153.0
-153.0
-153.0
-153.0
-153.0
-158.0
-171.0
-211.0
-225.0
-258.0
